9780001856363
9780001961722
9780002157100
9780002160094
9780002199797
9780002243018
9780002244084
9780002326834
9780002553681
9780002557290
9780003300277
9780006329534
9780006385950
9780006722977
9780006751182
9780006863052
9780006935193
9780007110919
9780007116249
9780007128907
9780020288305
9780023644306
9780023884405
9780023885815
9780023960505
9780025002432
9780025211605
9780025250000
9780026365581
9780026890229
9780026892698
9780026892711
9780027439601
9780027731903
9780028610986
9780028615738
9780028625096
9780028626352
9780028628592
9780028629049
9780028630359
9780029067055
9780029344378
9780030069567
9780030402418
9780030402463
9780030437267
9780030449567
9780030623288
9780041210194
9780060006655
9780060084530
9780060086206
9780060088057
9780060108564
9780060116279
9780060137380
9780060157395
9780060160616
9780060162757
9780060162900
9780060164416
9780060168865
9780060170325
9780060171049
9780060177386
9780060182007
9780060186456
9780060191023
9780060194185
9780060194390
9780060194758
9780060195564
9780060196226
9780060201142
9780060202491
9780060208004
9780060219987
9780060243098
9780060245870
9780060265533
9780060278953
9780060280642
9780060294519
9780060392512
9780060510626
9780060515591
9780060564469
9780060582579
9780060595012
9780060638450
9780060682385
9780060721954
9780060804404
9780060804848
9780060807610
9780060912550
9780060915469
9780060916824
9780060921996
9780060922672
9780060923969
9780060923983
9780060928377
9780060935443
9780060937546
9780060950019
9780060957063
9780060957476
9780060968748
9780060969141
9780061001697
9780061003813
9780061010200
9780061020193
9780061040771
9780061043970
9780061043987
9780061044359
9780061051104
9780061053702
9780061054570
9780061060830
9780061060854
9780061062599
9780061062926
9780061080449
9780061081965
9780061082290
9780061082306
9780061084164
9780061084614
9780061097911
9780061180088
9780062500298
9780062504685
9780062510594
9780062511218
9780062554109
9780062701879
9780062733795
9780062734426
9780064301381
9780064402835
9780064404259
9780064406536
9780064410922
9780064420563
9780064420839
9780064430180
9780064432511
9780064432542
9780064440325
9780064441865
9780064450942
9780064451130
9780064473781
9780066620763
9780070049239
9780070106178
9780070304871
9780070410923
9780070412194
9780070466142
9780070523531
9780070546660
9780070566446
9780070650039
9780071380393
9780074464151
9780075536536
9780080207162
9780091723903
9780094609808
9780099279457
9780130017604
9780130408952
9780130466983
9780130654342
9780130668417
9780130743114
9780130875525
9780131048782
9780132342049
9780133865325
9780133884630
9780135197295
9780135289105
9780136639480
9780136843252
9780138765903
9780138965235
9780139376818
9780140022230
9780140026566
9780140048261
9780140055665
9780140061956
9780140063639
9780140074659
9780140076943
9780140079746
9780140116373
9780140122879
9780140126860
9780140150056
9780140165951
9780140170887
9780140173192
9780140177886
9780140178388
9780140189308
9780140193534
9780140199130
9780140225358
9780140230246
9780140235869
9780140238013
9780140255362
9780140268027
9780140273298
9780140281231
9780140298413
9780140298420
9780140299595
9780140327137
9780140327748
9780140340488
9780140350340
9780140360028
9780140361742
9780140366945
9780140369984
9780140370331
9780140374964
9780140377941
9780140390520
9780140430332
9780140433173
9780140440171
9780140440331
9780140444063
9780140465655
9780140482379
9780140511369
9780140512274
9780140549928
9780141186320
9780141304960
9780141306506
9780141307435
9780141309699
9780142004043
9780142196069
9780142300992
9780142301005
9780143029717
9780151006472
9780151027071
9780151181018
9780151269303
9780151301188
9780152004316
9780152022006
9780152132125
9780152321598
9780153022319
9780155011274
9780155383128
9780155383135
9780156005883
9780156527996
9780156551328
9780156572040
9780156901772
9780156949521
9780192115591
9780192641601
9780192750914
9780192813374
9780192815835
9780192817884
9780192822703
9780192835895
9780192839572
9780192876201
9780194216456
9780194216661
9780194218207
9780194218214
9780194312820
9780194313629
9780194315890
9780195014327
9780195032727
9780195040746
9780195065770
9780195102840
9780195103090
9780195103663
9780195112092
9780195405729
9780195411041
9780195412208
9780195650839
9780195861389
9780198601319
9780198711919
9780199111213
9780201383065
9780201384079
9780201406535
9780201483048
9780201489163
9780201544329
9780201549799
9780201563276
9780201567410
9780201570304
9780201609998
9780201632248
9780201702712
9780201742169
9780201835953
9780201846720
9780205322442
9780205337408
9780207163746
9780208022493
9780226143163
9780226474847
9780226728216
9780226971506
9780226971537
9780226971544
9780231096256
9780241002506
9780241127001
9780241141540
9780252019814
9780262132152
9780262201063
9780262661652
9780263826982
9780273019138
9780276420351
9780295954547
9780299131203
9780299131548
9780299165406
9780300045871
9780300050257
9780300050295
9780300056617
9780300065954
9780300066609
9780300070859
9780300090925
9780304339396
9780306807497
9780306808425
9780307062536
9780307070524
9780307100023
9780307100214
9780307100757
9780307102720
9780307103840
9780307105042
9780307105509
9780307105554
9780307105622
9780307106520
9780307106537
9780307110565
9780307115850
9780307118943
9780307119452
9780307121097
9780307121417
9780307123305
9780307123398
9780307125835
9780307126375
9780307126894
9780307127662
9780307128201
9780307130228
9780307131560
9780307133250
9780307140043
9780307155573
9780307158499
9780307161819
9780307162618
9780307166043
9780307168122
9780307198976
9780307200136
9780307201607
9780307201621
9780307201652
9780307201669
9780307215093
9780307215413
9780307215512
9780307215864
9780307220127
9780307231253
9780307301314
9780307302687
9780307305015
9780307592613
9780307623461
9780307681034
9780307682703
9780307987549
9780310329619
9780310415510
9780310466529
9780310537618
9780310591634
9780310701057
9780310704621
9780310918844
9780312001865
9780312010003
9780312026455
9780312026745
9780312034412
9780312036560
9780312038120
9780312055042
9780312069209
9780312070694
9780312076696
9780312092900
9780312101381
9780312104269
9780312105013
9780312109288
9780312117481
9780312125530
9780312137939
9780312146740
9780312151171
9780312152444
9780312152451
9780312194819
9780312201739
9780312202019
9780312206598
9780312216597
9780312242619
9780312244675
9780312263461
9780312265052
9780312268817
9780312272043
9780312272814
9780312276966
9780312318499
9780312390471
9780312617455
9780312660222
9780312762513
9780312774868
9780312850999
9780312851842
9780312853037
9780312856335
9780312857134
9780312860448
9780312861025
9780312863319
9780312863548
9780312863869
9780312864057
9780312868314
9780312878863
9780312928568
9780312928865
9780312929084
9780312940270
9780312951443
9780312960414
9780312960957
9780312961596
9780312962845
9780312963576
9780312964832
9780312965174
9780312966485
9780312971885
9780312977139
9780312980412
9780312982478
9780312982874
9780312986032
9780312990022
9780312993498
9780314023537
9780314846907
9780314931702
9780316031318
9780316109222
9780316110471
9780316111164
9780316112468
9780316119597
9780316140539
9780316158282
9780316203951
9780316203968
9780316321402
9780316325769
9780316352505
9780316358446
9780316380096
9780316553513
9780316562034
9780316601030
9780316697705
9780316738712
9780316825849
9780316844444
9780316926287
9780316977418
9780321105790
9780321106698
9780321193759
9780330201070
9780330246330
9780330291156
9780330313087
9780330320184
9780330333511
9780330348904
9780330368711
9780330390484
9780333905081
9780340042519
9780340168813
9780340203804
9780340248522
9780340379547
9780340414248
9780340796146
9780340796153
9780340796207
9780340796238
9780340796245
9780340796252
9780340796269
9780340796276
9780340812457
9780340823200
9780340860946
9780340873618
9780345250773
9780345254535
9780345271594
9780345274922
9780345278654
9780345287700
9780345289728
9780345292513
9780345295545
9780345297655
9780345298966
9780345301796
9780345302489
9780345302779
9780345304421
9780345306401
9780345306883
9780345307354
9780345308504
9780345312372
9780345313850
9780345316806
9780345317377
9780345320223
9780345320612
9780345330048
9780345337962
9780345340207
9780345341198
9780345349965
9780345352170
9780345352187
9780345353023
9780345355416
9780345364203
9780345365620
9780345371713
9780345374028
9780345378033
9780345380654
9780345384003
9780345386403
9780345388353
9780345393562
9780345394439
9780345401564
9780345412874
9780345417084
9780345419972
9780345420794
9780345426390
9780345434012
9780345434227
9780345446596
9780349107660
9780349108568
9780352316974
9780352330703
9780352334480
9780352337276
9780352339003
9780373023936
9780373025510
9780373027446
9780373027866
9780373028160
9780373028481
9780373028528
9780373028573
9780373028658
9780373029525
9780373029631
9780373029792
9780373030804
9780373031009
9780373032716
9780373033133
9780373033355
9780373033577
9780373033645
9780373034291
9780373034369
9780373034383
9780373034543
9780373036783
9780373054374
9780373055418
9780373055968
9780373056736
9780373056941
9780373071609
9780373074624
9780373074952
9780373075270
9780373076666
9780373076840
9780373077090
9780373078318
9780373079070
9780373079117
9780373079605
9780373079919
9780373085293
9780373088133
9780373089970
9780373092833
9780373092901
9780373093380
9780373093731
9780373094523
9780373097982
9780373098132
9780373099450
9780373099856
9780373104178
9780373104567
9780373104789
9780373104895
9780373105052
9780373105250
9780373106431
9780373106462
9780373106493
9780373106639
9780373106653
9780373106882
9780373107087
9780373107919
9780373108305
9780373108893
9780373109494
9780373109975
9780373110469
9780373110735
9780373110810
9780373110940
9780373111701
9780373111992
9780373112111
9780373112197
9780373112296
9780373115082
9780373115099
9780373115822
9780373116027
9780373120789
9780373121809
9780373160075
9780373161102
9780373161218
9780373161881
9780373163229
9780373165186
9780373166398
9780373166602
9780373166749
9780373167166
9780373169252
9780373169511
9780373170630
9780373174072
9780373193707
9780373194155
9780373196456
9780373201860
9780373217328
9780373221356
9780373221950
9780373222766
9780373222902
9780373222919
9780373223206
9780373224319
9780373224807
9780373225743
9780373225781
9780373225798
9780373240159
9780373240388
9780373243846
9780373251377
9780373251407
9780373251681
9780373252527
9780373252879
9780373253487
9780373254354
9780373257751
9780373257980
9780373258185
9780373258390
9780373259526
9780373259755
9780373261109
9780373261192
9780373263622
9780373270460
9780373271528
9780373271573
9780373287543
9780373288670
9780373288762
9780373288809
9780373289707
9780373291977
9780373482177
9780373482405
9780373482641
9780373483419
9780373483631
9780373484942
9780373500710
9780373510146
9780373510153
9780373510337
9780373510368
9780373511211
9780373511273
9780373511297
9780373520855
9780373610402
9780373610440
9780373610648
9780373610655
9780373611614
9780373613151
9780373614011
9780373634125
9780373642243
9780373642250
9780373650095
9780373691173
9780373701230
9780373701971
9780373705849
9780373706174
9780373707171
9780373707331
9780373707539
9780373708871
9780373709489
9780373760510
9780373760688
9780373762378
9780373762767
9780373763184
9780373763276
9780373763306
9780373790074
9780373790418
9780373790494
9780373791040
9780373791118
9780373791347
9780373791385
9780373791439
9780373809219
9780373825387
9780373825622
9780373832286
9780373832712
9780373832736
9780373833726
9780373870875
9780373871117
9780373871179
9780373871438
9780373885428
9780373898053
9780373898732
9780374105341
9780374108304
9780374135300
9780374230715
9780374254285
9780374262235
9780374271831
9780374295981
9780374403447
9780375411502
9780375414671
9780375421945
9780375500282
9780375504280
9780375727085
9780375753770
9780375800276
9780375803864
9780375806360
9780375806377
9780375806384
9780375806391
9780375810657
9780375810978
9780375811562
9780375811654
9780375811661
9780375811746
9780375813146
9780375813153
9780375813320
9780375814433
9780375814464
9780375814570
9780375815119
9780375815270
9780375815324
9780375815331
9780375815782
9780375816048
9780375821707
9780375825064
9780376037824
9780380005536
9780380007387
9780380008926
9780380009572
9780380009923
9780380496686
9780380571093
9780380581498
9780380581566
9780380691463
9780380698509
9780380700943
9780380701773
9780380706440
9780380713189
9780380713851
9780380715220
9780380717095
9780380718221
9780380718672
9780380722068
9780380722136
9780380722808
9780380728763
9780380729098
9780380750986
9780380755516
9780380755776
9780380755837
9780380758906
9780380762828
9780380763337
9780380763504
9780380764464
9780380765164
9780380767472
9780380768769
9780380776566
9780380781300
9780380785551
9780380786435
9780380795604
9780380797301
9780380798735
9780380800568
9780380800612
9780380800667
9780380802487
9780380803149
9780380803668
9780380816255
9780380835683
9780380848225
9780380895854
9780380899340
9780380899432
9780380975556
9780380976805
9780380977024
9780385009485
9780385013932
9780385042383
9780385065498
9780385074216
9780385085793
9780385133173
9780385142274
9780385177269
9780385188067
9780385189262
9780385195775
9780385233590
9780385239264
9780385242271
9780385258074
9780385264914
9780385279475
9780385295628
9780385313537
9780385315487
9780385323758
9780385332941
9780385420860
9780385422420
9780385470353
9780385470506
9780385471428
9780385473361
9780385476492
9780385490108
9780385490535
9780385492102
9780385492843
9780385503839
9780385509008
9780385600569
9780393014297
9780393025118
9780393030020
9780393033564
9780393039412
9780393040234
9780393091250
9780393092981
9780393306651
9780393307122
9780393309430
9780393312577
9780393315592
9780393322231
9780393322293
9780393323306
9780393325232
9780393960624
9780393962994
9780393975086
9780394411590
9780394448589
9780394473482
9780394492193
9780394508962
9780394530741
9780394538365
9780394550329
9780394554273
9780394559278
9780394571645
9780394571836
9780394576671
9780394576756
9780394577678
9780394578477
9780394583020
9780394585888
9780394719566
9780394722160
9780394740799
9780394743165
9780394744292
9780394744551
9780394751641
9780394753430
9780394755304
9780394756950
9780394812885
9780394829111
9780394831305
9780394833415
9780394834603
9780394836645
9780394837888
9780394841090
9780394844947
9780394845333
9780394858272
9780394858579
9780394859187
9780394874203
9780394887166
9780394887821
9780394931272
9780395194898
9780395294321
9780395359686
9780395369111
9780395390313
9780395409275
9780395426227
9780395475652
9780395488904
9780395604786
9780395633250
9780395670255
9780395670644
9780395683965
9780395751855
9780395868270
9780395903315
9780395971857
9780396070047
9780396082477
9780399121197
9780399131271
9780399132032
9780399132643
9780399145896
9780399150616
9780399210730
9780399210808
9780399217807
9780399228179
9780399230196
9780399503856
9780399508028
9780399510335
9780399511813
9780399512513
9780413158703
9780413591807
9780415027991
9780415213684
9780415905978
9780415923200
9780416101607
9780416618709
9780416876703
9780416886009
9780421689909
9780425034057
9780425037034
9780425043042
9780425043820
9780425044902
9780425045268
9780425055328
9780425056523
9780425057339
9780425062746
9780425065686
9780425072608
9780425073674
9780425080153
9780425082683
9780425089996
9780425091159
9780425091388
9780425108956
9780425121665
9780425122402
9780425123133
9780425138410
9780425141205
9780425145425
9780425149805
9780425151945
9780425153406
9780425153840
9780425157008
9780425158111
9780425160367
9780425160909
9780425161906
9780425162415
9780425167113
9780425168127
9780425171189
9780425176498
9780425183083
9780425183441
9780425183779
9780425197448
9780434301133
9780435072216
9780435286187
9780435905361
9780435988326
9780439060356
9780439082099
9780439087636
9780439105965
9780439130752
9780439147736
9780439148795
9780439194464
9780439199988
9780439217873
9780439224208
9780439228404
9780439228428
9780439297240
9780439328746
9780439332460
9780439341264
9780439380485
9780439429887
9780439544108
9780439568296
9780439573757
9780439662154
9780440005339
9780440025351
9780440113218
9780440118749
9780440120919
9780440142034
9780440150701
9780440160618
9780440164609
9780440171676
9780440174417
9780440182610
9780440185116
9780440187042
9780440201434
9780440203223
9780440203582
9780440204268
9780440205302
9780440207122
9780440208525
9780440210245
9780440211990
9780440219194
9780440220022
9780440222217
9780440223269
9780440223306
9780440223719
9780440224105
9780440225669
9780440227496
9780440235538
9780440236252
9780440401964
9780440405788
9780440413332
9780440416630
9780440418436
9780440428107
9780440446514
9780440500285
9780440506300
9780440508649
9780440551843
9780440801771
9780440842521
9780440848356
9780440904939
9780440969778
9780440987130
9780441000678
9780441000746
9780441001187
9780441001347
9780441001880
9780441002139
9780441005017
9780441006960
9780441062249
9780441117918
9780441217724
9780441586950
9780441663972
9780441675746
9780441774081
9780441783748
9780441805822
9780441859467
9780441859474
9780442256340
9780443059742
9780445085367
9780446301725
9780446305907
9780446307840
9780446313049
9780446314350
9780446314442
9780446320047
9780446328821
9780446329255
9780446347174
9780446347624
9780446359375
9780446361354
9780446370325
9780446403726
9780446512633
9780446512879
9780446513661
9780446514620
9780446516884
9780446517485
9780446518864
9780446519854
9780446524490
9780446527170
9780446532976
9780446601221
9780446601344
9780446604147
9780446607810
9780446608688
9780446610049
9780446611022
9780446670364
9780446827881
9780446895576
9780446906159
9780446975728
9780448025490
9780448030944
9780448092836
9780448095400
9780448149226
9780448149554
9780448191157
9780448401782
9780448403823
9780448403878
9780448411026
9780449001288
9780449001585
9780449002551
9780449003220
9780449003602
9780449123744
9780449126226
9780449126820
9780449131732
9780449134269
9780449139028
9780449146934
9780449148259
9780449148518
9780449149157
9780449200407
9780449200896
9780449201961
9780449201992
9780449202005
9780449208724
9780449210932
9780449211120
9780449214657
9780449216064
9780449216859
9780449219843
9780449221921
9780449222010
9780449229651
9780449230572
9780449231685
9780449234020
9780449240113
9780449244005
9780449287682
9780449501153
9780449502150
9780449701577
9780449702413
9780449702659
9780449703809
9780449900826
9780449903117
9780449906613
9780450561962
9780451090195
9780451091635
9780451122438
9780451125293
9780451130532
9780451133403
9780451133649
9780451134721
9780451135193
9780451136350
9780451140043
9780451142320
9780451144195
9780451145383
9780451147318
9780451149169
9780451150059
9780451156259
9780451156631
9780451158406
9780451158468
9780451159953
9780451163318
9780451164964
9780451166326
9780451167651
9780451169693
9780451171146
9780451173119
9780451174246
9780451181343
9780451182494
9780451186737
9780451188656
9780451191755
9780451198891
9780451201072
9780451202659
9780451203809
9780451204363
9780451205025
9780451401328
9780451401649
9780451405074
9780451405395
9780451405685
9780451409843
9780451410337
9780451411044
9780451453617
9780451454614
9780451455000
9780451458162
9780451458698
9780451459312
9780451517029
9780451518767
9780451519979
9780451523464
9780451526854
9780451618719
9780451622105
9780451625625
9780451625670
9780451628244
9780451821119
9780452009868
9780452258310
9780452259126
9780452268562
9780452270985
9780452272798
9780452273313
9780452275102
9780452275904
9780452275959
9780452277366
9780452277724
9780452281745
9780452282056
9780452284104
9780460873161
9780460878098
9780460878692
9780460878715
9780460878777
9780460878951
9780465019915
9780465024353
9780465046294
9780465098385
9780471035329
9780471146117
9780471158929
9780471420057
9780471455080
9780471506607
9780471535874
9780471575634
9780471618089
9780471627784
9780471852230
9780471879015
9780471957140
9780472065219
9780486202471
9780486222011
9780486232973
9780486249018
9780486253411
9780486280226
9780486401010
9780500050576
9780505519870
9780505520098
9780505520593
9780505521842
9780505522023
9780505522351
9780505523396
9780505524218
9780515039740
9780515040470
9780515058659
9780515064261
9780515076387
9780515080551
9780515080568
9780515081824
9780515082494
9780515105148
9780515106411
9780515118407
9780515119442
9780515120660
9780515123838
9780515131901
9780516012759
9780516419664
9780517017401
9780517017470
9780517060261
9780517101100
9780517118405
9780517118900
9780517120675
9780517139110
9780517150320
9780517185049
9780517222478
9780517250150
9780517250204
9780517250211
9780517270806
9780517288580
9780517288719
9780517322451
9780517334195
9780517336335
9780517341728
9780517381151
9780517448526
9780517527467
9780517534700
9780517543221
9780517555729
9780517556764
9780517561072
9780517563458
9780517567777
9780517572412
9780517573280
9780517580141
9780517594940
9780517643013
9780517706985
9780517882016
9780520018709
9780520027268
9780520218352
9780521343060
9780521357302
9780521367745
9780521423717
9780521438780
9780521539777
9780521558181
9780521599788
9780521802796
9780523004037
9780523401669
9780523403113
9780523405438
9780523406602
9780523413198
9780523421018
9780523423937
9780523424019
9780523424392
9780523424675
9780523424699
9780523425252
9780523480282
9780523485843
9780525249849
9780525362456
9780525462330
9780525672890
9780525933434
9780525936404
9780525937302
9780525939450
9780525945284
9780528913662
9780531019436
9780531041697
9780531068571
9780531180471
9780532124825
9780533102082
9780534084004
9780534213244
9780534524432
9780534545444
9780551026568
9780552139182
9780552525282
9780552991865
9780553027709
9780553050967
9780553055771
9780553055863
9780553057652
9780553093520
9780553095005
9780553095531
9780553100907
9780553101935
9780553102567
9780553115574
9780553120189
9780553121032
9780553121360
9780553124132
9780553136852
9780553140064
9780553141429
9780553143379
9780553147087
9780553147124
9780553149463
9780553152432
9780553152517
9780553155051
9780553155211
9780553155310
9780553156362
9780553157772
9780553158106
9780553158946
9780553202038
9780553202694
9780553206746
9780553208924
9780553209457
9780553210408
9780553210934
9780553212655
9780553213997
9780553219135
9780553225761
9780553227840
9780553228786
9780553232707
9780553233322
9780553238075
9780553239867
9780553241310
9780553242454
9780553246384
9780553251418
9780553251920
9780553256246
9780553267228
9780553269512
9780553272420
9780553272451
9780553274158
9780553278569
9780553279139
9780553281569
9780553282153
9780553283457
9780553285079
9780553285888
9780553287660
9780553288094
9780553290318
9780553290936
9780553292350
9780553293654
9780553294323
9780553346374
9780553348699
9780553354492
9780553444858
9780553445992
9780553479553
9780553481914
9780553487053
9780553493092
9780553493382
9780553541779
9780553541892
9780553560039
9780553564761
9780553566574
9780553566925
9780553566932
9780553566963
9780553566987
9780553566994
9780553567014
9780553572254
9780553572810
9780553575576
9780553575590
9780553579383
9780553580372
9780553757071
9780553762990
9780553763041
9780553801217
9780553801606
9780553813760
9780563388319
9780563538127
9780570050247
9780570060666
9780571131419
9780571177158
9780571198641
9780572028558
9780575051768
9780575062603
9780575075160
9780575400979
9780582765757
9780583308021
9780586090855
9780590023900
9780590053877
9780590098908
9780590101769
9780590102797
9780590117135
9780590117142
9780590117388
9780590120098
9780590133708
9780590137416
9780590138581
9780590212847
9780590255134
9780590260244
9780590262620
9780590308441
9780590332101
9780590333917
9780590336673
9780590337786
9780590338172
9780590338462
9780590339575
9780590401838
9780590401869
9780590402781
9780590403542
9780590407496
9780590407755
9780590408455
9780590414784
9780590415651
9780590416221
9780590418164
9780590418409
9780590420310
9780590422215
9780590423120
9780590423595
9780590424431
9780590428040
9780590430159
9780590431019
9780590434416
9780590436298
9780590439039
9780590442978
9780590445757
9780590446952
9780590447386
9780590453455
9780590454032
9780590456401
9780590456449
9780590456494
9780590457163
9780590457347
9780590457361
9780590461634
9780590462280
9780590481571
9780590483209
9780590485869
9780590519250
9780590535298
9780590554305
9780590603812
9780590624299
9780590638791
9780590693356
9780590711883
9780590732857
9780590847438
9780590863704
9780590978774
9780590978798
9780593027479
9780595003990
9780595095315
9780595098521
9780595131198
9780595175017
9780595185023
9780595187287
9780595200658
9780595209309
9780595223718
9780595227693
9780595310272
9780595653188
9780596000264
9780600369264
9780600588566
9780603556876
9780606069571
9780609604274
9780609607909
9780609800027
9780609801963
9780609802212
9780609804896
9780615113579
9780618009961
9780631162278
9780658001727
9780664270049
9780669417418
9780670036011
9780670306114
9780670324880
9780670804948
9780670808175
9780670811472
9780670811786
9780670815241
9780670827893
9780670829132
9780670834129
9780670838264
9780670845811
9780670869336
9780670872794
9780670873012
9780670873692
9780670873999
9780670884087
9780671000707
9780671001292
9780671003111
9780671003371
9780671007706
9780671015404
9780671017163
9780671019396
9780671019426
9780671020200
9780671020248
9780671020712
9780671022938
9780671024383
9780671037017
9780671224066
9780671315283
9780671418663
9780671420413
9780671420437
9780671422172
9780671423612
9780671428495
9780671434922
9780671447168
9780671452858
9780671457570
9780671459758
9780671474430
9780671477257
9780671493318
9780671495640
9780671496524
9780671501945
9780671504700
9780671508937
9780671510343
9780671510350
9780671526719
9780671528294
9780671531201
9780671535223
9780671536244
9780671536312
9780671537944
9780671540791
9780671542047
9780671552817
9780671554750
9780671556037
9780671559359
9780671582708
9780671592301
9780671606497
9780671614584
9780671617493
9780671619268
9780671624644
9780671626303
9780671632854
9780671636487
9780671644062
9780671645267
9780671646615
9780671653590
9780671657598
9780671663087
9780671668167
9780671669409
9780671674656
9780671674687
9780671674885
9780671676339
9780671682224
9780671693350
9780671693824
9780671702304
9780671722258
9780671723422
9780671729707
9780671730918
9780671731380
9780671731823
9780671733810
9780671734114
9780671735302
9780671736033
9780671736743
9780671738709
9780671739232
9780671744373
9780671744991
9780671745684
9780671766917
9780671774639
9780671780562
9780671786007
9780671788025
9780671789626
9780671794347
9780671795238
9780671811402
9780671814151
9780671824846
9780671829605
9780671829681
9780671831547
9780671831585
9780671835323
9780671864354
9780671870386
9780671871161
9780671876227
9780671876517
9780671880019
9780671883799
9780671884581
9780671887070
9780671897949
9780672227158
9780672317354
9780672319945
9780672484407
9780674078550
9780674116634
9780674403697
9780679003366
9780679005391
9780679008491
9780679028277
9780679032595
9780679400349
9780679402565
9780679425434
9780679434481
9780679438311
9780679440352
9780679452935
9780679457015
9780679463146
9780679502364
9780679720485
9780679737094
9780679742807
9780679747567
9780679748403
9780679758280
9780679774129
9780679774143
9780679808145
9780679810490
9780679811817
9780679812494
9780679817215
9780679822370
9780679826590
9780679857112
9780679864271
9780679870012
9780679873525
9780679873853
9780679874379
9780679875918
9780679881278
9780679885603
9780679888215
9780679891246
9780679894568
9780679939474
9780679958345
9780681401143
9780681404519
9780681414419
9780681417373
9780683079210
9780684171630
9780684176604
9780684192833
9780684197388
9780684803159
9780684804194
9780684811192
9780684811284
9780684811390
9780684813134
9780684814643
9780684830452
9780684833613
9780684834818
9780684836447
9780684840062
9780684842417
9780684842646
9780684854809
9780684862101
9780684865065
9780684870311
9780687078165
9780688054298
9780688066215
9780688071622
9780688082208
9780688084707
9780688089016
9780688103262
9780688104801
9780688112714
9780688134549
9780688135768
9780688137502
9780688140342
9780688146580
9780688149987
9780688158057
9780688161989
9780688162191
9780688163785
9780688168391
9780688172053
9780688184742
9780688416409
9780689024689
9780689119811
9780689502958
9780689505430
9780689708008
9780689718793
9780689810657
9780689812859
9780689820472
9780689821257
9780689821721
9780689822384
9780689822766
9780689822889
9780689823862
9780689824401
9780689826696
9780689826764
9780689828409
9780689828416
9780689831218
9780689832567
9780689835834
9780689838330
9780689840333
9780689841743
9780689847530
9780689849640
9780689858871
9780689866999
9780690000108
9780690017823
9780690042238
9780690044812
9780691005140
9780691015989
9780691069500
9780691083612
9780694010424
9780694523900
9780696012259
9780696018992
9780696019135
9780696019203
9780696019722
9780696023354
9780696200403
9780696206788
9780697391872
9780698103207
9780698116917
9780698119185
9780702220982
9780702233869
9780704334748
9780704344969
9780706413236
9780708824092
9780708910597
9780712637664
9780713476095
9780713726558
9780714528755
9780714824222
9780715610169
9780715623244
9780715626108
9780715631515
9780716719564
9780716723141
9780717282890
9780717283347
9780719043949
9780721408491
9780721409986
9780721675527
9780722136997
9780722146019
9780722511619
9780722516249
9780722536964
9780722537312
9780722540060
9780723205975
9780723206033
9780723233282
9780723234876
9780723237761
9780727913685
9780731616237
9780735200937
9780735700789
9780735709010
9780735812994
9780736412360
9780736413220
9780736480093
9780736634151
9780736913249
9780737006001
9780738700618
9780738700960
9780738701721
9780738702001
9780738702780
9780738703015
9780738703480
9780738705132
9780738705415
9780739402528
9780739404393
9780739429129
9780739432327
9780740711572
9780740718540
9780740722424
9780741404473
9780741412942
9780741413253
9780743203159
9780743247726
9780743406697
9780743411271
9780743412490
9780743412506
9780743429696
9780743434980
9780743435741
9780743458146
9780743459037
9780743471190
9780743475044
9780743500463
9780743517751
9780743530200
9780744001945
9780744560497
9780744561012
9780745910314
9780745937014
9780746004692
9780746005101
9780747207917
9780747252382
9780747263326
9780747528890
9780747534891
9780747557708
9780749313845
9780749396084
9780749397098
9780749438517
9780749519872
9780749719098
9780749719104
9780749719111
9780749719128
9780749719135
9780749719142
9780749719678
9780749719685
9780749719692
9780749719708
9780749719715
9780749719722
9780749719739
9780749719753
9780749719791
9780749719807
9780749719821
9780749719838
9780749744830
9780749744847
9780749744854
9780749910860
9780749920500
9780749933203
9780750015813
9780750227308
9780750906876
9780750922838
9780751367454
9780751504958
9780751517514
9780752404141
9780752535463
9780752585390
9780752837260
9780752846088
9780752852379
9780752904085
9780753450253
9780753503034
9780753804926
9780754055334
9780754061137
9780754070047
9780754102717
9780754111894
9780754809616
9780755101924
9780755102068
9780755102112
9780756401092
9780758200389
9780758203618
9780758205698
9780758205872
9780759600560
9780759672963
9780759677845
9780760054178
9780760702444
9780760715192
9780760721056
9780761109600
9780761501022
9780761511243
9780761516262
9780761535492
9780761535638
9780762100088
9780762408078
9780762408535
9780762413812
9780762703951
9780762706389
9780762707560
9780762710133
9780762711581
9780762724406
9780763403058
9780763603816
9780763613976
9780763616137
9780763701796
9780764105692
9780764115752
9780764115769
9780764150371
9780764500091
9780764505942
9780764507335
9780764530036
9780764548079
9780764550515
9780764551352
9780764552595
9780764553264
9780764554292
9780764564420
9780764565557
9780765196941
9780765302267
9780765306739
9780765344427
9780766607217
9780766607224
9780766829299
9780767900119
9780767907415
9780768102093
9780768322521
9780768909111
9780768911763
9780769604343
9780769605630
9780769612720
9780770108403
9780770421748
9780770427856
9780771014772
9780771014949
9780771032134
9780771034503
9780771035456
9780771035463
9780771044175
9780771067778
9780771075568
9780771079542
9780771091780
9780771591389
9780771592515
9780771592553
9780773513877
9780773753259
9780773753600
9780773761056
9780774031998
9780778800132
9780782116649
9780782118902
9780783513515
9780783553085
9780783893914
9780784705414
9780784705421
9780785105763
9780785243632
9780785272601
9780785273424
9780785275374
9780785278887
9780785300427
9780785303282
9780785307907
9780785311430
9780785804390
9780786004492
9780786004935
9780786012893
9780786700318
9780786701056
9780786702893
9780786703081
9780786703395
9780786704460
9780786707287
9780786710379
9780786711284
9780786803040
9780786813070
9780786817290
9780786817306
9780786817313
9780786817955
9780786817979
9780786831470
9780786831784
9780786832477
9780786840830
9780786842292
9780786842551
9780786843145
9780786844173
9780786844319
9780786862887
9780786866618
9780786868698
9780786868926
9780786880676
9780786881352
9780786913343
9780786917631
9780787102265
9780787109189
9780787900809
9780787963941
9780788161858
9780789204172
9780789205384
9780789401878
9780789426420
9780789429605
9780789430281
9780789433022
9780789471918
9780789480668
9780789483508
9780789483515
9780789722997
9780791405536
9780792276838
9780792277262
9780792452454
9780792454021
9780793829316
9780800809645
9780800870225
9780801012266
9780801071249
9780801670657
9780801840340
9780801978241
9780801979187
9780801987755
9780802111609
9780802116529
9780802117328
9780802134769
9780802150301
9780802150394
9780802150981
9780802443755
9780802465849
9780802487599
9780802730824
9780802753847
9780802755278
9780802774521
9780803263307
9780803264045
9780803726123
9780803726710
9780803798960
9780804102292
9780804105590
9780804107648
9780804113359
9780804116480
9780804725019
9780805010060
9780805021394
9780805048834
9780805050271
9780805053685
9780805059625
9780805211061
9780805423242
9780805794397
9780805945904
9780806504186
9780806512709
9780806520315
9780806520438
9780806523408
9780806525594
9780806580166
9780806624990
9780806906089
9780806906188
9780806920658
9780806942384
9780806959634
9780806967646
9780806969534
9780806987798
9780806997612
9780807059197
9780807061558
9780807219966
9780807554043
9780807576731
9780807583081
9780809001330
9780809125814
9780809129591
9780809230556
9780809242764
9780809244751
9780809247349
9780809250813
9780809324804
9780809462049
9780809463138
9780809463176
9780809463336
9780809463374
9780809463411
9780809463497
9780809463640
9780809463855
9780809491865
9780809491889
9780810112780
9780810394261
9780810464506
9780810912779
9780810913714
9780810925533
9780810941557
9780811200615
9780811201186
9780811213769
9780811215428
9780811440790
9780811727990
9780811728447
9780811803076
9780811804523
9780811806831
9780811815864
9780811821049
9780811824378
9780811827607
9780812000399
9780812013566
9780812038781
9780812046953
9780812504286
9780812505818
9780812507140
9780812509625
9780812510669
9780812514131
9780812517828
9780812521641
9780812524932
9780812530094
9780812530360
9780812533187
9780812533743
9780812536737
9780812538236
9780812542950
9780812548075
9780812548488
9780812551594
9780812553413
9780812561517
9780812561845
9780812568707
9780812575248
9780812588354
9780812828627
9780812829969
9780812830347
9780812911503
9780812926712
9780812963892
9780812968873
9780812970937
9780812991512
9780813011943
9780813339399
9780813368528
9780813513591
9780813821047
9780814604120
9780816153091
9780816158201
9780816310531
9780816431618
9780816621125
9780816703807
9780816714667
9780816716760
9780816730117
9780816732630
9780816734320
9780816734382
9780816735815
9780816735822
9780816736904
9780816737819
9780816738373
9780816742011
9780816743971
9780816747252
9780816748129
9780816748198
9780816768721
9780817272869
9780817437121
9780818504389
9780819310910
9780819311092
9780819562784
9780820308845
9780820319612
9780821220566
9780821225578
9780821710241
9780821713860
9780821716403
9780821718384
9780821719220
9780821719251
9780821719381
9780821720615
9780821721377
9780821721797
9780821721919
9780821723579
9780821724033
9780821727263
9780821727546
9780821728574
9780821729496
9780821730980
9780821731161
9780821731628
9780821732571
9780821732731
9780821733301
9780821733363
9780821737330
9780821738146
9780821740361
9780821742129
9780821743386
9780821744222
9780821745847
9780821748473
9780821749630
9780821750360
9780821750926
9780821754658
9780821759950
9780821760642
9780821760659
9780821761052
9780821761823
9780821765449
9780821766095
9780821766170
9780821766811
9780821767221
9780821767306
9780821772713
9780821773093
9780821773109
9780821773772
9780821774045
9780821775233
9780822328605
9780823030354
9780823049004
9780823410163
9780824512170
9780824516468
9780824516833
9780824802875
9780824980351
9780825300837
9780826414793
9780826943002
9780828006729
9780828319515
9780830057566
9780830819553
9780831739362
9780831761103
9780831786984
9780831790646
9780832700026
9780833544926
9780833549532
9780834401044
9780836218091
9780836218121
9780836222319
9780836225235
9780836230307
9780836236644
9780837818245
9780837898582
9780840751225
9780840768964
9780842302142
9780842326155
9780842340434
9780842360654
9780842362290
9780842362504
9780842364454
9780842382243
9780843104134
9780843105520
9780843105766
9780843105872
9780843107999
9780843109979
9780843112078
9780843904505
9780843922707
9780843923803
9780843924657
9780843924978
9780843926224
9780843930771
9780843932812
9780843933888
9780843935820
9780843940510
9780843942231
9780843944457
9780843944594
9780843944754
9780843945638
9780843950427
9780843950748
9780843952650
9780844221298
9780844243337
9780844254807
9780844276304
9780848706975
9780848716103
9780848718985
9780849908774
9780849909658
9780849916403
9780849928499
9780849931338
9780849932991
9780849934728
9780849939181
9780849940279
9780849944376
9780849954009
9780849959110
9780849959790
9780850308150
9780850311020
9780850314397
9780851001210
9780851312309
9780851315003
9780852064702
9780854764143
9780854766246
9780856540301
9780856968815
9780861128167
9780861631476
9780861635603
9780862016081
9780863580017
9780864380357
9780864421463
9780865474710
9780866119528
9780866119726
9780866119863
9780866222815
9780867199024
9780867241259
9780867601336
9780868197142
9780869755211
9780870117985
9780870118661
9780870333477
9780870402531
9780870442438
9780870448645
9780870448669
9780870449079
9780870449086
9780871131386
9780871137579
9780871138590
9780871310620
9780871313492
9780871314550
9780871315540
9780871317742
9780871401748
9780871401762
9780871486097
9780871564191
9780871564719
9780872200746
9780872201880
9780872202290
9780872206113
9780872496347
9780872861435
9780872862708
9780873529860
9780873585866
9780873586870
9780873645744
9780874036886
9780874061826
9780874063950
9780874064230
9780874065862
9780874067965
9780874494983
9780874749090
9780874773750
9780874803532
9780875302096
9780875303123
9780875303215
9780875420479
9780875420516
9780875424392
9780875791784
9780875870908
9780875940120
9780875966724
9780875967660
9780875968230
9780876055267
9780876668764
9780877015369
9780877017110
9780877017592
9780877017745
9780877018544
9780877191506
9780877285175
9780877286394
9780877288404
9780877288695
9780877437017
9780877457527
9780877736271
9780877934356
9780877950493
9780878162444
9780878331710
9780878337217
9780878577743
9780878579419
9780879056261
9780879234317
9780879462338
9780879830472
9780880290142
9780880297226
9780880299039
9780880388382
9780880795111
9780880970792
9780881038675
9780881501322
9780881501582
9780881502671
9780881623710
9780881663266
9780881763065
9780881765915
9780881843323
9780881923766
9780882549408
9780882701400
9780882899404
9780882901565
9780882902036
9780883321096
9780883752012
9780883961841
9780884271536
9780884790235
9780884860822
9780884860884
9780884861607
9780886451882
9780886774486
9780886776145
9780886777340
9780886777906
9780886778231
9780886779795
9780887059278
9780887065415
9780887080265
9780887294488
9780887299360
9780887434181
9780887435379
9780887845840
9780887846311
9780888302526
9780888940063
9780888946805
9780889104563
9780889610064
9780889612105
9780889651173
9780889711631
9780889740341
9780889751514
9780889751552
9780889751699
9780889751712
9780889751743
9780889751798
9780889751866
9780889752047
9780889841116
9780889842076
9780889950818
9780889951679
9780890043486
9780890132111
9780890244210
9780890246177
9780890433829
9780890510575
9780890811825
9780890838679
9780890871096
9780890877265
9780890877852
9780891094241
9780891096795
9780891098263
9780891412908
9780891415275
9780892749232
9780892811571
9780892815036
9780892833931
9780892962518
9780892965670
9780892966844
9780893756093
9780893757519
9780894801242
9780894801389
9780894801532
9780894808593
9780895293930
9780895640390
9780895656179
9780895774040
9780895774170
9780895774187
9780895774200
9780895774248
9780895774279
9780895775023
9780895775030
9780895775054
9780895775412
9780895775429
9780895775436
9780895775443
9780895778628
9780895779007
9780895863751
9780896219007
9780896600164
9780896933712
9780897212496
9780897212595
9780897212809
9780897214223
9780897214230
9780897214247
9780897214285
9780897214346
9780897214438
9780897214629
9780897813594
9780897894456
9780898025507
9780898152326
9780898155938
9780898795073
9780898799057
9780899093147
9780899197012
9780899197449
9780899198378
9780899199238
9780899429502
9780900424267
9780904681352
9780906495841
9780906540909
9780906731956
9780910293068
9780910383189
9780910412575
9780911104219
9780911745122
9780912301402
9780912333137
9780912588308
9780912656069
9780912696119
9780913098608
9780913923313
9780913923320
9780913990421
9780914427827
9780915099818
9780915144457
9780915145225
9780915179244
9780915179626
9780915396382
9780915463176
9780915658831
9780915920679
9780916896676
9780916941345
9780916951160
9780918432681
9780918684486
9780918949509
9780919345959
9780920236918
9780920256367
9780920304570
9780920459379
9780920470381
9780920470480
9780920501924
9780920792339
9780920897010
9780921411642
9780921689782
9780921881049
9780921912583
9780922729777
9780922915422
9780927545709
9780929274188
9780929274232
9780929895284
9780930323998
9780931128028
9780931188435
9780931411175
9780931580390
9780932238016
9780932294098
9780932379399
9780932707178
9780932813862
9780933216242
9780933278035
9780934323123
9780934601849
9780934802451
9780936340012
9780936340098
9780939149858
9780939391295
9780939508044
9780939979219
9780940212084
9780940262850
9780940666436
9780941405102
9780941423694
9780941423861
9780941920162
9780941969024
9780942802931
9780943231990
9780943734200
9780944002186
9780944072813
9780944276761
9780944501108
9780945296157
9780945296188
9780945296225
9780945528005
9780946626946
9780952614715
9780952614760
9780953663132
9780953920402
9780960267675
9780961437008
9780961642617
9780962091841
9780962142208
9780962268311
9780962321337
9780962449338
9780962520617
9780962655678
9780962838811
9780962847424
9780962869877
9780962944703
9780963266712
9780963416315
9780963960740
9780963960771
9780963960788
9780963960795
9780964047938
9780964367517
9780964367531
9780964367586
9780964639164
9780964840157
9780964863507
9780964946408
9780965045032
9780965298407
9780965327503
9780965353311
9780965353380
9780965624763
9780965694858
9780965694865
9780965779302
9780966069808
9780966234169
9780966347326
9780966463316
9780966677300
9780967005607
9780967084084
9780967168333
9780967202907
9780967349701
9780967542997
9780967577111
9780967673769
9780967819983
9780967857008
9780967911915
9780969912613
9780970398802
9780970398819
9780970449016
9780970449023
9780970580443
9780970746863
9780970804907
9780971220614
9780971220621
9780971498815
9780971736603
9780972060523
9780972319171
9780973093001
9780973119701
9780974282909
9781400020294
9781401025854
9781401047313
9781401069049
9781401076221
9781401097868
9781401900625
9781402202698
9781402705878
9781403355744
9781403370280
9781410100320
9781410764270
9781410764386
9781411605022
9781413701135
9781413704273
9781414049397
9781550170870
9781550376265
9781550541762
9781550549805
9781550744637
9781551050560
9781551105055
9781551111742
9781551520674
9781551521039
9781551531533
9781551660141
9781551664576
9781551664613
9781551664682
9781551665726
9781551665917
9781551668048
9781551971193
9781551990484
9781551991085
9781552049914
9781552091418
9781552128527
9781552200834
9781552633281
9781553660941
9781553695486
9781555136093
9781555212407
9781555216979
9781555422110
9781555425395
9781555611224
9781555834807
9781555835729
9781555836207
9781555836344
9781555837655
9781555843847
9781555973674
9781556110146
9781556155956
9781556430718
9781556508202
9781556521799
9781556522611
9781556522819
9781556611711
9781556612169
9781556612176
9781556613883
9781556615795
9781556780509
9781557737717
9781557738820
9781557780386
9781557783714
9781557784667
9781557831279
9781557850737
9781558172449
9781558173569
9781558173729
9781558174214
9781558175273
9781558175594
9781558506138
9781558508194
9781558532311
9781558532854
9781558533660
9781558582200
9781558584532
9781558703629
9781558741034
9781558744233
9781558851832
9781558851986
9781558962606
9781559212472
9781559352314
9781559501194
9781559501323
9781559501378
9781559582339
9781559587600
9781559635332
9781559722308
9781560526087
9781560765295
9781561152322
9781561386086
9781561447268
9781561632909
9781561703159
9781561734955
9781561735389
9781561792214
9781561793488
9781561797127
9781562053697
9781562054083
9781562614652
9781562822484
9781562829292
9781562882235
9781562920586
9781562933371
9781563262067
9781563262555
9781563520648
9781563522284
9781563895685
9781563896279
9781563897221
9781563897962
9781563974021
9781564025487
9781564144065
9781564144188
9781564145031
9781564145888
9781564406156
9781564408747
9781564764164
9781564774620
9781564774798
9781564780010
9781564781994
9781565048720
9781565049246
9781565049642
9781565078178
9781565302372
9781565921047
9781565924642
9781565925168
9781565925250
9781565926219
9781565970809
9781566197687
9781566861021
9781566910248
9781567115260
9781567181647
9781567182736
9781567183030
9781567184631
9781567184679
9781567186949
9781567311532
9781567313253
9781567315073
9781567315844
9781567921984
9781568383668
9781568581293
9781568652962
9781568656465
9781568658650
9781569249178
9781569552216
9781569714379
9781569752784
9781569874233
9781570361401
9781570428043
9781570640087
9781570641282
9781570649448
9781570670251
9781570670268
9781570752810
9781570822797
9781570827280
9781571290298
9781571685483
9781572153516
9781572594227
9781572701045
9781572940130
9781572970106
9781572970366
9781572970915
9781572971158
9781573060400
9781573225458
9781573226516
9781573241274
9781573241434
9781573241724
9781573920452
9781574441758
9781574883589
9781575025155
9781575210841
9781575420363
9781575660424
9781575664897
9781575668468
9781576104699
9781577192718
9781577311652
9781577330882
9781577487128
9781577487913
9781577489757
9781577593447
9781577660590
9781577684077
9781578152537
9781578511433
9781578564187
9781578590513
9781578590544
9781578631131
9781578660308
9781578661015
9781579722029
9781579730000
9781579730017
9781579730048
9781579730055
9781579730086
9781579730109
9781579730116
9781579730154
9781580050883
9781580080941
9781580083522
9781580171052
9781580540407
9781580622424
9781580631679
9781580863353
9781581744163
9781581822953
9781582290065
9781582431529
9781582432373
9781582450858
9781582971599
9781582971865
9781582972473
9781583485477
9781583485514
9781584852032
9781584854234
9781585421169
9781585744657
9781586104337
9781586605131
9781586635961
9781586636111
9781586636128
9781587170829
9781587171024
9781587491627
9781587492099
9781587494123
9781587680021
9781588513502
9781589800199
9781590030028
9781591450559
9781592121656
9781592170074
9781593100650
9781740591065
9781840384352
9781840460537
9781840860016
9781841120393
9781841491851
9781841880952
9781842326664
9781842327371
9781851523696
9781851586042
9781851681945
9781851773879
9781852309022
9781852423810
9781852532901
9781852741112
9781853066580
9781853261176
9781853261206
9781853261640
9781853262913
9781853263460
9781853263972
9781853264061
9781853264405
9781853264894
9781853751103
9781853753374
9781853754128
9781853811395
9781854104953
9781854250872
9781854582744
9781854718105
9781854799876
9781854873156
9781854879325
9781855383449
9781855856318
9781856483223
9781857820430
9781857821871
9781857920178
9781857920727
9781858282411
9781858285054
9781858285184
9781858683157
9781858817903
9781859580554
9781859584927
9781860196546
9781860463655
9781860466403
9781860492525
9781860743993
9781861005274
9781863305792
9781865084008
9781868421022
9781869584283
9781870586115
9781871676877
9781873475935
9781874166177
9781875137794
9781875892167
9781877988288
9781878257499
9781878346407
9781878450586
9781878736659
9781878739278
9781878818652
9781879181762
9781879237230
9781879418295
9781879664012
9781879960428
9781880032374
9781880033265
9781880141168
9781880507001
9781880559741
9781880908129
9781881052227
9781881164166
9781881164173
9781881394075
9781881394488
9781881559764
9781881649847
9781881830238
9781881892045
9781883319014
9781883319656
9781883518059
9781883523039
9781885174017
9781885211460
9781885222985
9781885352675
9781885478375
9781886093119
9781886449060
9781886910782
9781886947382
9781887053068
9781887128780
9781887178150
9781887624046
9781888444186
9781888604108
9781888848335
9781889330167
9781889893105
9781889968537
9781890009816
9781890612139
9781891197109
9781891442131
9781891442230
9781891830600
9781891852022
9781892062130
9781892127181
9781893224087
9781895387933
9781895837377
9781896095547
9781896503110
9781896522142
9781897730553
9781898617174
9781899598205
9781899884001
9781900512534
9781900796620
9781901447156
9781902035024
9781902618104
9781902881478
9781903517086
9781928806097
9781929001064
9781929664108
9781930009004
9781930009011
9781930009028
9781930009035
9781930009073
9781930806122
9781930844025
9781931229173
9781931412933
9781931499118
9781931499217
9781931499255
9781931696906
9781931742207
9781932100006
9781932100068
9781932100082
9781932124071
9781932453089
9782010024818
9782020228923
9782070372188
9782070381944
9782070421671
9782070541270
9782070556854
9782080720375
9782207247341
9782207249192
9782207249499
9782207250327
9782207250433
9782207250891
9782207251072
9782207301999
9782207303320
9782207303337
9782207303832
9782207303931
9782207304297
9782207304327
9782207304754
9782207304815
9782207304921
9782207305997
9782207503065
9782207505069
9782226034212
9782226034533
9782226048677
9782226086365
9782226113276
9782253142942
9782253144892
9782253145592
9782253151418
9782253171768
9782253172260
9782264011091
9782264031471
9782266107532
9782266123181
9782267011258
9782267013047
9782268024059
9782290153529
9782290302958
9782290306123
9782290312070
9782290316306
9782290318638
9782702124284
9782702705650
9782706110443
9782709623186
9782710300021
9782800100067
9782800100081
9782800100104
9782800100111
9782800100142
9782831578491
9782866004217
9782867441387
9782868698407
9782894330135
9782894641989
9783100052209
9783100463180
9783123512407
9783125217157
9783129295199
9783129295229
9783150000854
9783150074701
9783257204131
9783257211566
9783257215847
9783257227758
9783257232813
9783257233445
9783257233711
9783257700015
9783372003831
9783379015561
9783401019413
9783402034248
9783404120437
9783404129102
9783404138357
9783404142361
9783404144679
9783404144853
9783404146543
9783404148080
9783404148486
9783404921218
9783406340277
9783406421013
9783406502712
9783407783356
9783407807625
9783423017664
9783423124485
9783423127998
9783423130028
9783423201889
9783423202077
9783423204354
9783423243117
9783423704946
9783425067254
9783425068619
9783425068626
9783426612743
9783426615263
9783426621592
9783426640098
9783431036145
9783442098231
9783442117581
9783442118045
9783442126804
9783442133116
9783442133413
9783442151370
9783442309177
9783442351961
9783442353446
9783442356089
9783442356171
9783442422739
9783442432721
9783442433766
9783442434244
9783442434596
9783442435586
9783442437740
9783442438594
9783442442720
9783442442737
9783442442911
9783442443901
9783442447107
9783442447961
9783442540686
9783442553211
9783442711758
9783442724062
9783442727124
9783442761272
9783446146501
9783446161870
9783446192904
9783446193130
9783446202108
9783453011175
9783453048881
9783453082045
9783453092426
9783453130678
9783453137578
9783453152717
9783453152724
9783453155824
9783453160606
9783453160798
9783453162792
9783453178113
9783453190252
9783453195929
9783453196124
9783453206342
9783453212053
9783453303324
9783453867628
9783453870857
9783454521802
9783455013573
9783462029048
9783462035025
9783462035117
9783463401348
9783472613688
9783473520558
9783473580224
9783478088046
9783491240582
9783491960107
9783492040006
9783492223003
9783492230520
9783492235228
9783492237772
9783492270168
9783492270458
9783492270465
9783499112232
9783499194658
9783499205378
9783499207983
9783499230950
9783499231582
9783499262593
9783502120605
9783502144953
9783502146681
9783502512516
9783502517849
9783518067086
9783518374528
9783518374580
9783518386422
9783518388549
9783518388556
9783518388563
9783518390818
9783548026312
9783548254401
9783548680460
9783550071072
9783550071508
9783570205624
9783570260951
9783596112982
9783596134588
9783596136193
9783596143696
9783596149643
9783596150571
9783596151820
9783596152919
9783596153923
9783596221325
9783596247219
9783608875157
9783612273598
9783716502525
9783726005382
9783729600508
9783746618333
9783746618616
9783762604679
9783766837196
9783768810913
9783770108091
9783770131891
9783770147816
9783774223899
9783781751316
9783784415802
9783785544204
9783785702277
9783785720806
9783789106972
9783791530376
9783800050185
9783802526992
9783802527005
9783802527159
9783806217735
9783813501278
9783821808857
9783821830605
9783855023158
9783871735370
9783887690137
9783890291536
9783896021847
9783922028000
9783923880522
9784311700026
9784887755178
9785551172871
9785845105127
9788401011696
9788401476426
9788401491863
9788408001997
9788408010104
9788408048367
9788420635545
9788423901005
9788423903467
9788423976614
9788423988792
9788423988945
9788423992164
9788426410894
9788427200265
9788427201163
9788427201248
9788427201514
9788427201552
9788427202757
9788427202801
9788427202931
9788427202993
9788428208932
9788429704600
9788430577026
9788431504120
9788432207785
9788433912282
9788439702092
9788440653147
9788440676078
9788440676382
9788440691453
9788440695673
9788449503696
9788471663948
9788474171358
9788476308462
9788476308585
9788478095803
9788479534851
9788482384221
9788484031369
9788486623685
9788495501431
9788571644823
9788804436621
9788806147419
9788817150125
9788817150446
9788817661034
9788845248665
9789010017314
9789021479866
9789023438847
9789029000208
9789029042727
9789029535946
9789029547000
9789050180948
9789053330562
9789060126462
9789061695004
9789070066321
9789073978966
9789074336994
9789171491718
9789501519518
9789507313721
9789587040463
9789605401108
9789681905859
9789684063167
9789684110182
9789721040168
9789722007092
9789722109741
9789722504379
9789723703665
9789727084814
9789748303680
9789813068933
9789879789971
9789991291208
